function [My] = get_My(q,U_q)
	My= 0.0014247872440416227*1+0.000722693351631908*q+7.9345154331633e-07*U_q+1.5031101437727786e-15*(U_q^(3.0))+2.620467712277085e-20*(U_q^(4.0))+-4.6625317766829466e-11*(U_q^(2.0))+0.00023194585013510254*(q^(2.0));
